<svg width="77" height="62" viewBox="0 0 77 62" fill="none" xmlns="http://www.w3.org/2000/svg">
<path d="M15.6327 6.73047L44.2568 3.06589L48.8375 38.846L20.2134 42.5106L15.6327 6.73047Z" fill="white"/>
<path d="M15.6327 6.73047L25.174 5.50894L29.7548 41.289L20.2134 42.5106L15.6327 6.73047Z" fill="white"/>
<path d="M19.9699 12.2367L16.3931 12.695L16.088 10.31L19.6648 9.85161C19.9795 9.81433 20.2963 9.90282 20.5461 10.0978C20.7959 10.2929 20.9586 10.5786 20.9988 10.893C21.039 11.2074 20.9535 11.5249 20.7608 11.7765C20.5681 12.0281 20.2839 12.1935 19.9699 12.2367Z" fill="#EA9D2D"/>
<path d="M20.5803 17.0066L17.0034 17.465L16.6984 15.0799L20.2752 14.6215C20.4325 14.5999 20.5926 14.6097 20.7461 14.6503C20.8997 14.6909 21.0437 14.7615 21.1698 14.8581C21.2959 14.9546 21.4016 15.0752 21.4808 15.2129C21.5601 15.3506 21.6112 15.5025 21.6314 15.6601C21.6515 15.8176 21.6403 15.9776 21.5982 16.1308C21.5562 16.2839 21.4843 16.4273 21.3865 16.5525C21.2888 16.6777 21.1672 16.7823 21.0288 16.8602C20.8904 16.9381 20.738 16.9879 20.5803 17.0066Z" fill="#EA9D2D"/>
<path d="M21.1904 21.7783L17.6136 22.2352L17.3085 19.8502L20.8853 19.3918C21.2018 19.3513 21.5213 19.4383 21.7737 19.6334C22.0261 19.8286 22.1906 20.116 22.2311 20.4325C22.2716 20.749 22.1846 21.0686 21.9895 21.321C21.7943 21.5734 21.5068 21.7379 21.1904 21.7783Z" fill="#EA9D2D"/>
<path d="M21.8003 26.5482L18.2235 27.005H18.222L17.9185 24.62L21.4953 24.1631C21.81 24.1259 22.1267 24.2143 22.3765 24.4094C22.6263 24.6044 22.7891 24.8902 22.8293 25.2045C22.8695 25.5189 22.7839 25.8364 22.5912 26.088C22.3986 26.3397 22.1143 26.505 21.8003 26.5482Z" fill="#EA9D2D"/>
<path d="M22.4108 31.3184L18.834 31.7753H18.8325L18.5289 29.3903L22.1057 28.9334C22.4205 28.8961 22.7372 28.9846 22.987 29.1796C23.2368 29.3747 23.3995 29.6604 23.4397 29.9748C23.48 30.2892 23.3944 30.6067 23.2017 30.8583C23.009 31.1099 22.7248 31.2753 22.4108 31.3184Z" fill="#EA9D2D"/>
<path d="M20.5803 17.0066L17.0034 17.465L16.6984 15.0799L20.2752 14.6215C20.4325 14.5999 20.5926 14.6097 20.7461 14.6503C20.8997 14.6909 21.0437 14.7615 21.1698 14.8581C21.2959 14.9546 21.4016 15.0752 21.4808 15.2129C21.5601 15.3506 21.6112 15.5025 21.6314 15.6601C21.6515 15.8176 21.6403 15.9776 21.5982 16.1308C21.5562 16.2839 21.4843 16.4273 21.3865 16.5525C21.2888 16.6777 21.1672 16.7823 21.0288 16.8602C20.8904 16.9381 20.738 16.9879 20.5803 17.0066Z" fill="#EAEAE8"/>
<path d="M19.9699 12.2367L16.3931 12.695L16.088 10.31L19.6648 9.85161C19.9795 9.81433 20.2963 9.90282 20.5461 10.0978C20.7959 10.2929 20.9586 10.5786 20.9988 10.893C21.039 11.2074 20.9535 11.5249 20.7608 11.7765C20.5681 12.0281 20.2839 12.1935 19.9699 12.2367Z" fill="#EAEAE8"/>
<path d="M21.1904 21.7783L17.6136 22.2352L17.3085 19.8502L20.8853 19.3918C21.2018 19.3513 21.5213 19.4383 21.7737 19.6334C22.0261 19.8286 22.1906 20.116 22.2311 20.4325C22.2716 20.749 22.1846 21.0686 21.9895 21.321C21.7943 21.5734 21.5068 21.7379 21.1904 21.7783Z" fill="#EAEAE8"/>
<path d="M21.8003 26.5482L18.2235 27.005H18.222L17.9185 24.62L21.4953 24.1631C21.81 24.1259 22.1267 24.2143 22.3765 24.4094C22.6263 24.6044 22.7891 24.8902 22.8293 25.2045C22.8695 25.5189 22.7839 25.8364 22.5912 26.088C22.3986 26.3397 22.1143 26.505 21.8003 26.5482Z" fill="#EAEAE8"/>
<path d="M22.4108 31.3184L18.834 31.7753H18.8325L18.5289 29.3903L22.1057 28.9334C22.4205 28.8961 22.7372 28.9846 22.987 29.1796C23.2368 29.3747 23.3995 29.6604 23.4397 29.9748C23.48 30.2892 23.3944 30.6067 23.2017 30.8583C23.009 31.1099 22.7248 31.2753 22.4108 31.3184Z" fill="#EAEAE8"/>
<path d="M38.38 32.9114C39.0126 32.8304 39.6515 33.0041 40.1561 33.3941C40.6607 33.7842 40.9897 34.3587 41.0707 34.9914L41.6815 39.762L36.9108 40.3728L36.3 35.6021C36.219 34.9695 36.3927 34.3306 36.7827 33.826C37.1728 33.3214 37.7473 32.9924 38.38 32.9114Z" fill="#A2DFFF"/>
<path d="M32.9899 29.955C32.6842 29.9548 32.3901 29.8383 32.1674 29.629C31.9446 29.4197 31.81 29.1335 31.7907 28.8284C31.7715 28.5234 31.8691 28.2225 32.0638 27.9869C32.2585 27.7513 32.5357 27.5987 32.8388 27.5601L35.224 27.2548C35.5403 27.2144 35.8598 27.3012 36.112 27.4962C36.3643 27.6913 36.5288 27.9785 36.5692 28.2948C36.6097 28.6111 36.5229 28.9305 36.3279 29.1828C36.1328 29.4351 35.8456 29.5996 35.5293 29.64L33.1441 29.9453C33.0929 29.9518 33.0414 29.955 32.9899 29.955Z" fill="#EAEAE8"/>
<path d="M40.1453 29.0401C39.8396 29.04 39.5453 28.9234 39.3224 28.714C39.0996 28.5047 38.9649 28.2183 38.9457 27.9131C38.9266 27.6079 39.0244 27.3069 39.2194 27.0713C39.4143 26.8357 39.6917 26.6833 39.9951 26.645L42.3801 26.34C42.5367 26.32 42.6957 26.331 42.8481 26.3724C43.0005 26.4139 43.1432 26.4849 43.2681 26.5815C43.393 26.6781 43.4976 26.7983 43.5761 26.9353C43.6545 27.0723 43.7052 27.2235 43.7252 27.3801C43.7453 27.5367 43.7343 27.6957 43.6928 27.8481C43.6514 28.0004 43.5804 28.1432 43.4838 28.2681C43.3872 28.393 43.267 28.4976 43.13 28.5761C42.9929 28.6545 42.8418 28.7052 42.6852 28.7252L40.3001 29.0302C40.2488 29.0368 40.1971 29.0401 40.1453 29.0401Z" fill="#EAEAE8"/>
<path d="M32.3796 25.1848C32.0738 25.1847 31.7796 25.0681 31.5567 24.8587C31.3338 24.6494 31.1991 24.3629 31.18 24.0578C31.1608 23.7526 31.2587 23.4516 31.4536 23.216C31.6486 22.9804 31.9259 22.828 32.2293 22.7897L34.6145 22.4846C34.7711 22.4645 34.9301 22.4755 35.0825 22.517C35.2349 22.5584 35.3776 22.6294 35.5025 22.726C35.6274 22.8226 35.732 22.9428 35.8105 23.0798C35.8889 23.2169 35.9396 23.368 35.9596 23.5246C35.9797 23.6812 35.9687 23.8403 35.9272 23.9926C35.8858 24.145 35.8148 24.2877 35.7182 24.4126C35.6216 24.5375 35.5014 24.6422 35.3644 24.7206C35.2273 24.799 35.0762 24.8497 34.9196 24.8698L32.5344 25.175C32.483 25.1815 32.4314 25.1847 32.3796 25.1848Z" fill="#EAEAE8"/>
<path d="M39.535 24.2695C39.2292 24.2694 38.935 24.1528 38.7121 23.9435C38.4892 23.7341 38.3545 23.4477 38.3354 23.1425C38.3162 22.8373 38.4141 22.5363 38.609 22.3007C38.804 22.0651 39.0813 21.9127 39.3847 21.8744L41.7697 21.5693C42.086 21.5288 42.4055 21.6157 42.6577 21.8107C42.91 22.0058 43.0744 22.293 43.1149 22.6093C43.1553 22.9256 43.0685 23.2451 42.8734 23.4973C42.6784 23.7496 42.3911 23.914 42.0748 23.9545L39.6898 24.2596C39.6385 24.2662 39.5868 24.2695 39.535 24.2695Z" fill="#EAEAE8"/>
<path d="M31.7695 20.4144C31.464 20.414 31.17 20.2973 30.9474 20.0879C30.7248 19.8786 30.5902 19.5923 30.5711 19.2874C30.5519 18.9824 30.6497 18.6816 30.8444 18.446C31.039 18.2105 31.3161 18.058 31.6192 18.0194L34.0044 17.7143C34.3207 17.6739 34.6401 17.7607 34.8924 17.9558C35.1447 18.1508 35.3091 18.4381 35.3496 18.7544C35.39 19.0707 35.3032 19.3901 35.1081 19.6423C34.9131 19.8946 34.6258 20.059 34.3095 20.0995L31.9243 20.4046C31.873 20.4111 31.8213 20.4144 31.7695 20.4144Z" fill="#EAEAE8"/>
<path d="M38.9248 19.4993C38.6192 19.4989 38.3253 19.3822 38.1027 19.1729C37.88 18.9635 37.7455 18.6773 37.7264 18.3723C37.7072 18.0673 37.8049 17.7665 37.9996 17.531C38.1943 17.2955 38.4714 17.1429 38.7745 17.1044L41.1597 16.7993C41.476 16.7588 41.7954 16.8457 42.0477 17.0407C42.2999 17.2358 42.4644 17.523 42.5048 17.8393C42.5453 18.1556 42.4584 18.475 42.2634 18.7273C42.0683 18.9796 41.7811 19.144 41.4648 19.1845L39.0797 19.4895C39.0284 19.4961 38.9766 19.4994 38.9248 19.4993Z" fill="#EAEAE8"/>
<path d="M31.1594 15.644C30.8539 15.6437 30.5599 15.5269 30.3373 15.3176C30.1147 15.1083 29.9801 14.822 29.961 14.517C29.9418 14.2121 30.0396 13.9112 30.2342 13.6757C30.4289 13.4402 30.706 13.2876 31.0091 13.2491L33.3936 12.9443C33.7099 12.9038 34.0293 12.9907 34.2816 13.1857C34.5338 13.3808 34.6983 13.6681 34.7387 13.9843C34.7792 14.3006 34.6923 14.6201 34.4973 14.8723C34.3022 15.1246 34.015 15.289 33.6987 15.3295L31.3135 15.6344C31.2624 15.6409 31.2109 15.6441 31.1594 15.644Z" fill="#EAEAE8"/>
<path d="M38.3149 14.7289C38.0091 14.7289 37.7149 14.6123 37.492 14.4029C37.2691 14.1935 37.1344 13.9071 37.1153 13.602C37.0961 13.2968 37.194 12.9958 37.3889 12.7602C37.5839 12.5246 37.8612 12.3721 38.1646 12.3338L40.5498 12.0288C40.7064 12.0087 40.8655 12.0197 41.0178 12.0612C41.1702 12.1026 41.3129 12.1736 41.4378 12.2702C41.5627 12.3668 41.6674 12.487 41.7459 12.6241C41.8243 12.7611 41.875 12.9123 41.895 13.0689C41.915 13.2255 41.904 13.3845 41.8626 13.5369C41.8212 13.6893 41.7501 13.832 41.6536 13.9569C41.557 14.0818 41.4367 14.1865 41.2997 14.2649C41.1626 14.3434 41.0115 14.3941 40.8549 14.4141L38.4698 14.719C38.4185 14.7256 38.3667 14.7289 38.3149 14.7289Z" fill="#EAEAE8"/>
<path d="M30.5492 10.874C30.2434 10.8739 29.9491 10.7573 29.7263 10.5479C29.5034 10.3386 29.3687 10.0522 29.3495 9.74697C29.3304 9.44179 29.4282 9.14078 29.6232 8.9052C29.8181 8.66961 30.0955 8.51716 30.3989 8.47886L32.7841 8.17378C32.9407 8.15375 33.0997 8.16476 33.2521 8.20618C33.4044 8.24761 33.5471 8.31864 33.672 8.41522C33.7969 8.5118 33.9016 8.63203 33.98 8.76906C34.0585 8.90608 34.1092 9.05722 34.1292 9.21383C34.1492 9.37045 34.1382 9.52947 34.0968 9.68183C34.0554 9.83419 33.9843 9.9769 33.8878 10.1018C33.7912 10.2267 33.6709 10.3314 33.5339 10.4098C33.3969 10.4883 33.2458 10.5389 33.0891 10.559L30.7039 10.864C30.6526 10.8706 30.6009 10.874 30.5492 10.874Z" fill="#EAEAE8"/>
<path d="M37.7045 9.95868C37.3988 9.95861 37.1045 9.84202 36.8816 9.63265C36.6588 9.42329 36.5241 9.13687 36.5049 8.83169C36.4858 8.52651 36.5836 8.2255 36.7786 7.98991C36.9735 7.75433 37.2509 7.60188 37.5543 7.56358L39.9394 7.2585C40.0961 7.23846 40.2551 7.24947 40.4074 7.2909C40.5598 7.33233 40.7025 7.40336 40.8274 7.49994C40.9523 7.59651 41.057 7.71675 41.1354 7.85378C41.2139 7.9908 41.2646 8.14194 41.2846 8.29855C41.3046 8.45516 41.2936 8.61419 41.2522 8.76655C41.2108 8.91891 41.1397 9.06161 41.0431 9.18652C40.9466 9.31143 40.8263 9.41609 40.6893 9.49453C40.5523 9.57297 40.4011 9.62365 40.2445 9.64369L37.8595 9.94877C37.8081 9.95537 37.7564 9.95868 37.7045 9.95868Z" fill="#EAEAE8"/>
<path d="M59.3838 40.3589C59.202 40.359 59.0225 40.3177 58.8588 40.2384C58.6952 40.1591 58.5517 40.0436 58.4391 39.9008C58.3264 39.758 58.2477 39.5916 58.2087 39.4139C58.1697 39.2363 58.1714 39.0522 58.2138 38.8753L59.6192 33.0305C59.6548 32.8757 59.7208 32.7295 59.8133 32.6004C59.9058 32.4713 60.023 32.3617 60.158 32.2781C60.2931 32.1945 60.4434 32.1385 60.6002 32.1133C60.7571 32.0882 60.9174 32.0943 61.0718 32.1315C61.2263 32.1686 61.3718 32.236 61.5001 32.3297C61.6283 32.4234 61.7368 32.5416 61.8191 32.6775C61.9014 32.8133 61.956 32.9642 61.9796 33.1212C62.0033 33.2783 61.9956 33.4385 61.957 33.5926L60.5518 39.4374C60.4887 39.6997 60.3392 39.9332 60.1274 40.1004C59.9155 40.2675 59.6537 40.3586 59.3838 40.3589Z" fill="#B26643"/>
<path d="M13.2251 27.1335C13.2251 25.1415 11.6102 23.5266 9.61822 23.5266C7.6262 23.5266 6.01135 25.1415 6.01135 27.1335V30.7403C6.01135 32.7324 7.6262 34.3472 9.61822 34.3472C11.6102 34.3472 13.2251 32.7324 13.2251 30.7403V27.1335Z" fill="white"/>
<path d="M9.6183 41.5438C9.29944 41.5438 8.99363 41.4172 8.76816 41.1917C8.54269 40.9662 8.41602 40.6604 8.41602 40.3415V30.7404C8.41602 30.4215 8.54269 30.1157 8.76816 29.8902C8.99363 29.6648 9.29944 29.5381 9.6183 29.5381C9.93717 29.5381 10.243 29.6648 10.4684 29.8902C10.6939 30.1157 10.8206 30.4215 10.8206 30.7404V40.3415C10.8206 40.6604 10.6939 40.9662 10.4684 41.1917C10.243 41.4172 9.93717 41.5438 9.6183 41.5438Z" fill="#B26643"/>
<path d="M53.6086 39.1562L48.7995 43.9654L53.6086 47.5723L46.3949 55.9883L47.5972 48.7746L42.788 45.1677L45.1926 39.1562H3.60681V60.7974H73.3395V39.1562H53.6086Z" fill="#A2DFFF"/>
<path d="M67.3678 29.9472L65.3747 24.5219L67.7127 25.0839L64.7232 16.9458L58.3609 22.8354L60.6989 23.3976L56.4573 27.324L59.5746 28.0734L54.9434 31.9062L66.6332 34.7168L64.2506 29.1977L67.3678 29.9472Z" fill="white"/>
<path d="M16.832 49.9768H12.0228C11.704 49.9768 11.3982 49.8502 11.1727 49.6247C10.9472 49.3992 10.8206 49.0934 10.8206 48.7746C10.8206 48.4557 10.9472 48.1499 11.1727 47.9244C11.3982 47.6989 11.704 47.5723 12.0228 47.5723H16.832C17.1509 47.5723 17.4567 47.6989 17.6821 47.9244C17.9076 48.1499 18.0343 48.4557 18.0343 48.7746C18.0343 49.0934 17.9076 49.3992 17.6821 49.6247C17.4567 49.8502 17.1509 49.9768 16.832 49.9768Z" fill="#A2DFFF"/>
<path d="M22.8434 49.9768H20.4389C20.12 49.9768 19.8142 49.8502 19.5887 49.6247C19.3632 49.3992 19.2366 49.0934 19.2366 48.7746C19.2366 48.4557 19.3632 48.1499 19.5887 47.9244C19.8142 47.6989 20.12 47.5723 20.4389 47.5723H22.8434C23.1623 47.5723 23.4681 47.6989 23.6936 47.9244C23.9191 48.1499 24.0457 48.4557 24.0457 48.7746C24.0457 49.0934 23.9191 49.3992 23.6936 49.6247C23.4681 49.8502 23.1623 49.9768 22.8434 49.9768Z" fill="#A2DFFF"/>
<path d="M32.4618 54.7862H26.4503C26.1315 54.7862 25.8257 54.6595 25.6002 54.434C25.3747 54.2086 25.248 53.9027 25.248 53.5839C25.248 53.265 25.3747 52.9592 25.6002 52.7337C25.8257 52.5083 26.1315 52.3816 26.4503 52.3816H32.4618C32.7806 52.3816 33.0864 52.5083 33.3119 52.7337C33.5374 52.9592 33.6641 53.265 33.6641 53.5839C33.6641 53.9027 33.5374 54.2086 33.3119 54.434C33.0864 54.6595 32.7806 54.7862 32.4618 54.7862Z" fill="#A2DFFF"/>
<path d="M39.6755 54.7862H37.2709C36.952 54.7862 36.6462 54.6595 36.4207 54.434C36.1953 54.2086 36.0686 53.9027 36.0686 53.5839C36.0686 53.265 36.1953 52.9592 36.4207 52.7337C36.6462 52.5083 36.952 52.3816 37.2709 52.3816H39.6755C39.9943 52.3816 40.3001 52.5083 40.5256 52.7337C40.7511 52.9592 40.8778 53.265 40.8778 53.5839C40.8778 53.9027 40.7511 54.2086 40.5256 54.434C40.3001 54.6595 39.9943 54.7862 39.6755 54.7862Z" fill="#A2DFFF"/>
<path d="M60.1144 47.5723H58.9121C58.5933 47.5723 58.2875 47.4456 58.062 47.2202C57.8365 46.9947 57.7098 46.6889 57.7098 46.37C57.7098 46.0511 57.8365 45.7453 58.062 45.5199C58.2875 45.2944 58.5933 45.1677 58.9121 45.1677H60.1144C60.4333 45.1677 60.7391 45.2944 60.9646 45.5199C61.19 45.7453 61.3167 46.0511 61.3167 46.37C61.3167 46.6889 61.19 46.9947 60.9646 47.2202C60.7391 47.4456 60.4333 47.5723 60.1144 47.5723Z" fill="#A2DFFF"/>
<path d="M68.5303 47.5723H64.9235C64.6046 47.5723 64.2988 47.4456 64.0733 47.2202C63.8479 46.9947 63.7212 46.6889 63.7212 46.37C63.7212 46.0511 63.8479 45.7453 64.0733 45.5199C64.2988 45.2944 64.6046 45.1677 64.9235 45.1677H68.5303C68.8492 45.1677 69.155 45.2944 69.3805 45.5199C69.606 45.7453 69.7326 46.0511 69.7326 46.37C69.7326 46.6889 69.606 46.9947 69.3805 47.2202C69.155 47.4456 68.8492 47.5723 68.5303 47.5723Z" fill="#A2DFFF"/>
<path d="M73.3395 37.9541H60.9085L61.676 34.7615L66.3518 35.8858C66.5689 35.938 66.7963 35.9287 67.0084 35.859C67.2205 35.7893 67.409 35.6619 67.5528 35.491C67.6965 35.3202 67.7899 35.1127 67.8224 34.8918C67.8549 34.6709 67.8252 34.4453 67.7367 34.2404L66.3072 30.9289L67.0866 31.1162C67.2982 31.167 67.5195 31.1595 67.7272 31.0944C67.9348 31.0293 68.1209 30.9091 68.2655 30.7466C68.4102 30.5841 68.5081 30.3853 68.5487 30.1716C68.5893 29.9578 68.5711 29.737 68.4961 29.5328L67.2778 26.216L67.4315 26.253C67.6431 26.3038 67.8645 26.2963 68.0721 26.2312C68.2797 26.1661 68.4658 26.0459 68.6104 25.8833C68.7551 25.7208 68.853 25.5221 68.8936 25.3083C68.9342 25.0946 68.916 24.8738 68.841 24.6695L65.8515 16.5312C65.7833 16.3455 65.6702 16.1794 65.5223 16.0478C65.3745 15.9162 65.1964 15.8232 65.004 15.7769C64.8116 15.7307 64.6107 15.7327 64.4192 15.7827C64.2277 15.8327 64.0515 15.9292 63.9062 16.0637L57.5445 21.9533C57.3848 22.1011 57.2682 22.2895 57.2072 22.4984C57.1461 22.7072 57.143 22.9288 57.1979 23.1393C57.2529 23.3499 57.364 23.5415 57.5194 23.6939C57.6747 23.8463 57.8685 23.9536 58.0801 24.0045L58.2338 24.0415L55.6404 26.4417C55.4807 26.5896 55.3641 26.7781 55.3031 26.987C55.2422 27.1959 55.239 27.4175 55.2941 27.6281C55.3492 27.8386 55.4604 28.0303 55.6159 28.1826C55.7713 28.3349 55.9652 28.4422 56.1769 28.493L56.9561 28.6804L54.1775 30.9797C54.0054 31.1221 53.8764 31.3095 53.8049 31.5211C53.7334 31.7326 53.7223 31.9599 53.7727 32.1774C53.8231 32.3949 53.933 32.5941 54.0903 32.7527C54.2475 32.9112 54.4458 33.0228 54.6629 33.075L59.3387 34.1993L58.4361 37.9539H53.6086C53.4507 37.9539 53.2944 37.985 53.1485 38.0455C53.0026 38.1059 52.8701 38.1945 52.7585 38.3062L47.9493 43.1153C47.8275 43.2371 47.7334 43.3837 47.6731 43.5451C47.6129 43.7064 47.5881 43.8788 47.6003 44.0507C47.6125 44.2225 47.6615 44.3896 47.7439 44.5409C47.8264 44.6921 47.9403 44.8238 48.0781 44.9272L51.8607 47.7641L48.2902 51.9296L48.7831 48.9721C48.8193 48.7549 48.7951 48.5318 48.7132 48.3274C48.6313 48.1229 48.4948 47.9449 48.3186 47.8127L44.2458 44.7587L46.0309 40.2952L48.9304 40.0448C49.0918 40.0309 49.2488 39.9845 49.3919 39.9083C49.5349 39.8322 49.6611 39.7279 49.7628 39.6018C49.8645 39.4756 49.9397 39.3302 49.9838 39.1743C50.028 39.0184 50.0401 38.8551 50.0195 38.6944L45.4433 2.91729C45.4233 2.76066 45.3726 2.60951 45.2942 2.47247C45.2157 2.33542 45.1111 2.21518 44.9861 2.11859C44.8612 2.022 44.7185 1.95097 44.5661 1.90954C44.4138 1.86812 44.2547 1.85711 44.0981 1.87716L15.4772 5.53903C15.161 5.57965 14.8738 5.74413 14.6788 5.99633C14.4838 6.24853 14.3968 6.56783 14.437 6.88409L18.4114 37.9541H10.8206V35.3971C11.8522 35.1292 12.7659 34.5267 13.4186 33.684C14.0713 32.8413 14.4261 31.8059 14.4274 30.74V27.1332C14.4274 25.8577 13.9207 24.6345 13.0189 23.7326C12.117 22.8307 10.8937 22.324 9.61827 22.324C8.3428 22.324 7.11958 22.8307 6.21769 23.7326C5.31579 24.6345 4.80912 25.8577 4.80912 27.1332V30.74C4.81047 31.8059 5.16526 32.8413 5.81793 33.684C6.4706 34.5267 7.38431 35.1292 8.41598 35.3971V37.9538H3.60683C3.28796 37.9538 2.98216 38.0804 2.75668 38.3059C2.53121 38.5314 2.40454 38.8372 2.40454 39.1561V60.7972C2.40454 61.1161 2.53121 61.4219 2.75668 61.6474C2.98216 61.8729 3.28796 61.9995 3.60683 61.9995H73.3395C73.6584 61.9995 73.9642 61.8729 74.1897 61.6474C74.4152 61.4219 74.5418 61.1161 74.5418 60.7972V39.1561C74.5417 38.8372 74.415 38.5315 74.1896 38.3061C73.9641 38.0807 73.6584 37.9541 73.3395 37.9541ZM60.341 28.9997C60.513 28.8574 60.6419 28.6699 60.7134 28.4584C60.7849 28.2469 60.796 28.0196 60.7456 27.8021C60.6952 27.5846 60.5852 27.3854 60.428 27.2269C60.2708 27.0684 60.0725 26.9568 59.8554 26.9046L58.9225 26.6802L61.5155 24.2798C61.6751 24.132 61.7917 23.9436 61.8527 23.7347C61.9137 23.5259 61.9168 23.3044 61.8619 23.0938C61.8069 22.8833 61.6958 22.6917 61.5404 22.5393C61.3851 22.387 61.1913 22.2796 60.9797 22.2287L60.8261 22.1916L64.2163 19.0533L65.8093 23.39L65.6556 23.3529C65.444 23.302 65.2225 23.3095 65.0149 23.3746C64.8072 23.4396 64.6211 23.5599 64.4764 23.7224C64.3317 23.885 64.2338 24.0837 64.1932 24.2976C64.1526 24.5114 64.1708 24.7322 64.2459 24.9364L65.4643 28.2531L64.5313 28.0289C64.3142 27.9767 64.0869 27.986 63.8747 28.0557C63.6626 28.1254 63.4741 28.2528 63.3304 28.4237C63.1866 28.5945 63.0932 28.802 63.0607 29.0229C63.0282 29.2438 63.0579 29.4694 63.1464 29.6744L64.5759 32.9858L57.5621 31.2993L60.341 28.9997ZM7.21369 30.7403V27.1335C7.21369 26.4957 7.46703 25.8841 7.91798 25.4332C8.36892 24.9822 8.98054 24.7289 9.61827 24.7289C10.256 24.7289 10.8676 24.9822 11.3186 25.4332C11.7695 25.8841 12.0228 26.4957 12.0228 27.1335V30.7403C12.0223 31.1619 11.9109 31.5759 11.6999 31.9408C11.4889 32.3057 11.1856 32.6088 10.8206 32.8195V30.7403C10.8206 30.4215 10.6939 30.1157 10.4684 29.8902C10.2429 29.6647 9.93714 29.5381 9.61827 29.5381C9.2994 29.5381 8.9936 29.6647 8.76812 29.8902C8.54265 30.1157 8.41598 30.4215 8.41598 30.7403V32.8195C8.05091 32.6088 7.74767 32.3057 7.53665 31.9408C7.32563 31.5759 7.21426 31.1619 7.21369 30.7403ZM47.4762 37.7576L45.1977 37.9544H42.6531L42.2547 34.8404C42.1316 33.8931 41.6376 33.0332 40.8813 32.4496C40.1249 31.866 39.1679 31.6063 38.2203 31.7276C37.2727 31.8488 36.4118 32.341 35.8267 33.0962C35.2416 33.8513 34.98 34.8078 35.0993 35.7557L35.3805 37.9544H30.5322L26.5154 6.5512L43.2122 4.41564L47.4762 37.7576ZM37.8047 37.9541L37.4845 35.4503C37.4628 35.293 37.4726 35.1329 37.5132 34.9793C37.5538 34.8258 37.6244 34.6818 37.721 34.5557C37.8176 34.4296 37.9382 34.3239 38.0758 34.2446C38.2135 34.1654 38.3655 34.1142 38.523 34.0941C38.6806 34.0739 38.8405 34.0852 38.9937 34.1272C39.1469 34.1693 39.2902 34.2412 39.4154 34.339C39.5406 34.4367 39.6452 34.5583 39.7231 34.6966C39.8011 34.835 39.8508 34.9875 39.8695 35.1452L40.2288 37.9541H37.8047ZM20.0259 31.6231L22.4111 31.318C22.7274 31.2776 23.0146 31.1131 23.2097 30.8608C23.4047 30.6085 23.4915 30.2891 23.451 29.9728C23.4106 29.6565 23.2461 29.3693 22.9938 29.1742C22.7416 28.9792 22.4221 28.8924 22.1058 28.9328L19.7208 29.2379L19.4157 26.8529L21.8009 26.5477C22.1172 26.5072 22.4045 26.3427 22.5995 26.0904C22.7945 25.8382 22.8814 25.5187 22.8409 25.2024C22.8004 24.8862 22.6359 24.5989 22.3837 24.4039C22.1314 24.2088 21.812 24.122 21.4957 24.1625L19.1106 24.4676L18.8056 22.0825L21.1906 21.7774C21.3472 21.7574 21.4983 21.7067 21.6354 21.6283C21.7724 21.5498 21.8926 21.4452 21.9892 21.3203C22.0858 21.1954 22.1568 21.0527 22.1982 20.9003C22.2397 20.7479 22.2507 20.5889 22.2306 20.4323C22.2106 20.2757 22.1599 20.1245 22.0815 19.9875C22.0031 19.8505 21.8984 19.7303 21.7735 19.6337C21.6486 19.5371 21.5059 19.4661 21.3535 19.4246C21.2012 19.3832 21.0421 19.3722 20.8855 19.3922L18.5005 19.6973L18.1954 17.3123L20.5804 17.0072C20.737 16.9872 20.8882 16.9365 21.0252 16.858C21.1622 16.7796 21.2825 16.6749 21.379 16.55C21.4756 16.4251 21.5467 16.2824 21.5881 16.1301C21.6295 15.9777 21.6405 15.8187 21.6205 15.6621C21.6005 15.5055 21.5498 15.3543 21.4713 15.2173C21.3929 15.0803 21.2882 14.96 21.1633 14.8635C21.0384 14.7669 20.8957 14.6958 20.7433 14.6544C20.591 14.613 20.432 14.602 20.2754 14.622L17.8902 14.9271L17.5851 12.5419L19.9703 12.2368C20.2866 12.1964 20.5738 12.0319 20.7689 11.7797C20.9639 11.5274 21.0508 11.208 21.0103 10.8917C20.9699 10.5754 20.8054 10.2881 20.5532 10.0931C20.3009 9.89803 19.9815 9.81118 19.6652 9.85164L17.28 10.1567L16.9749 7.77168L24.1303 6.85644L28.108 37.9541H20.8356L20.0259 31.6231ZM72.1373 59.5953H4.80912V40.3587H43.4176L41.6725 44.7213C41.5743 44.9668 41.5598 45.2378 41.6312 45.4924C41.7026 45.747 41.8559 45.971 42.0674 46.1296L46.2911 49.2986L45.209 55.7909C45.1658 56.05 45.2086 56.316 45.3309 56.5484C45.4532 56.7808 45.6482 56.9668 45.8862 57.078C46.1241 57.1891 46.3919 57.2192 46.6486 57.1638C46.9053 57.1084 47.1368 56.9705 47.3078 56.7711L54.5215 48.3551C54.6285 48.2302 54.7088 48.0847 54.7574 47.9275C54.806 47.7703 54.8217 47.6049 54.8038 47.4414C54.7859 47.2779 54.7345 47.1198 54.6531 46.9769C54.5716 46.834 54.4616 46.7094 54.33 46.6107L50.6298 43.8355L54.1065 40.3587H72.1373V59.5953Z" fill="#1977CC"/>
<path d="M35.2239 27.2548L32.8387 27.5601C32.5355 27.5987 32.2584 27.7513 32.0637 27.9869C31.869 28.2225 31.7714 28.5234 31.7906 28.8284C31.8098 29.1335 31.9445 29.4197 32.1673 29.629C32.39 29.8383 32.6841 29.9548 32.9898 29.955C33.0413 29.955 33.0928 29.9518 33.144 29.9453L35.5291 29.64C35.8454 29.5996 36.1327 29.4351 36.3277 29.1828C36.5228 28.9305 36.6096 28.6111 36.5691 28.2948C36.5287 27.9785 36.3642 27.6913 36.1119 27.4962C35.8596 27.3012 35.5402 27.2144 35.2239 27.2548Z" fill="#1977CC"/>
<path d="M42.3794 26.3396L39.9943 26.6445C39.691 26.6828 39.4136 26.8352 39.2186 27.0708C39.0237 27.3064 38.9258 27.6074 38.945 27.9126C38.9641 28.2178 39.0989 28.5042 39.3217 28.7136C39.5446 28.9229 39.8388 29.0395 40.1446 29.0396C40.1962 29.0396 40.2477 29.0362 40.2988 29.0297L42.6839 28.7247C43.0002 28.6843 43.2874 28.5198 43.4825 28.2676C43.6775 28.0153 43.7644 27.6959 43.7239 27.3796C43.6835 27.0633 43.519 26.776 43.2668 26.581C43.0145 26.3859 42.6951 26.2991 42.3788 26.3396H42.3794Z" fill="#1977CC"/>
<path d="M34.6139 22.4846L32.2287 22.7897C31.9253 22.828 31.6479 22.9804 31.453 23.216C31.2581 23.4516 31.1602 23.7526 31.1794 24.0578C31.1985 24.3629 31.3332 24.6494 31.5561 24.8587C31.7789 25.0681 32.0732 25.1847 32.379 25.1848C32.4305 25.1847 32.4819 25.1814 32.533 25.175L34.9182 24.8698C35.2345 24.8293 35.5218 24.6649 35.7168 24.4126C35.9119 24.1603 35.9987 23.8409 35.9583 23.5246C35.9178 23.2083 35.7534 22.9211 35.5011 22.726C35.2489 22.531 34.9294 22.4441 34.6131 22.4846H34.6139Z" fill="#1977CC"/>
<path d="M41.7694 21.5693L39.3843 21.8744C39.081 21.9127 38.8036 22.0651 38.6086 22.3007C38.4137 22.5363 38.3159 22.8373 38.335 23.1425C38.3542 23.4477 38.4889 23.7341 38.7117 23.9435C38.9346 24.1528 39.2289 24.2694 39.5346 24.2695C39.5862 24.2694 39.6377 24.2661 39.6888 24.2596L42.0739 23.9545C42.3902 23.914 42.6774 23.7496 42.8725 23.4973C43.0675 23.2451 43.1544 22.9256 43.1139 22.6093C43.0735 22.293 42.909 22.0058 42.6568 21.8107C42.4045 21.6157 42.0851 21.5288 41.7688 21.5693H41.7694Z" fill="#1977CC"/>
<path d="M34.0038 17.7143L31.6186 18.0194C31.3155 18.058 31.0384 18.2105 30.8437 18.446C30.649 18.6816 30.5513 18.9824 30.5705 19.2874C30.5896 19.5923 30.7242 19.8786 30.9468 20.0879C31.1694 20.2973 31.4633 20.414 31.7689 20.4143C31.8204 20.4144 31.8719 20.4111 31.923 20.4046L34.3082 20.0995C34.4648 20.0795 34.6159 20.0288 34.7529 19.9503C34.89 19.8719 35.0102 19.7672 35.1068 19.6423C35.2033 19.5174 35.2744 19.3747 35.3158 19.2224C35.3572 19.07 35.3682 18.911 35.3482 18.7544C35.3282 18.5977 35.2775 18.4466 35.1991 18.3096C35.1206 18.1726 35.016 18.0523 34.891 17.9557C34.7661 17.8592 34.6234 17.7881 34.4711 17.7467C34.3187 17.7053 34.1597 17.6943 34.0031 17.7143H34.0038Z" fill="#1977CC"/>
<path d="M41.1591 16.799L38.7738 17.1041C38.4707 17.1427 38.1936 17.2952 37.9989 17.5308C37.8042 17.7663 37.7065 18.0671 37.7256 18.3721C37.7448 18.6771 37.8793 18.9633 38.1019 19.1726C38.3245 19.382 38.6185 19.4987 38.9241 19.4991C38.9756 19.4991 39.0271 19.4958 39.0783 19.4893L41.4633 19.1842C41.7796 19.1438 42.0669 18.9793 42.2619 18.7271C42.457 18.4748 42.5438 18.1554 42.5033 17.8391C42.4629 17.5228 42.2984 17.2355 42.0462 17.0405C41.7939 16.8454 41.4745 16.7586 41.1582 16.799H41.1591Z" fill="#1977CC"/>
<path d="M33.3935 12.9443L31.0083 13.2495C30.7052 13.2881 30.4281 13.4406 30.2334 13.6761C30.0387 13.9117 29.941 14.2125 29.9601 14.5175C29.9793 14.8224 30.1138 15.1087 30.3364 15.318C30.559 15.5274 30.853 15.6441 31.1586 15.6444C31.2101 15.6445 31.2615 15.6412 31.3126 15.6347L33.6978 15.3294C34.0125 15.2872 34.2977 15.1222 34.4912 14.8705C34.6847 14.6187 34.7707 14.3006 34.7305 13.9857C34.6904 13.6707 34.5272 13.3844 34.2767 13.1893C34.0262 12.9942 33.7087 12.9061 33.3935 12.9443Z" fill="#1977CC"/>
<path d="M40.5488 12.0288L38.1636 12.3338C37.8603 12.3721 37.5829 12.5246 37.3879 12.7602C37.193 12.9958 37.0952 13.2968 37.1143 13.602C37.1334 13.9071 37.2682 14.1936 37.491 14.4029C37.7139 14.6123 38.0081 14.7289 38.3139 14.7289C38.3655 14.7289 38.417 14.7256 38.4681 14.719L40.8532 14.4141C41.0098 14.3941 41.1609 14.3434 41.298 14.2649C41.435 14.1865 41.5553 14.0818 41.6518 13.9569C41.7484 13.832 41.8195 13.6893 41.8609 13.5369C41.9023 13.3845 41.9133 13.2255 41.8933 13.0689C41.8733 12.9123 41.8226 12.7611 41.7441 12.6241C41.6657 12.487 41.561 12.3668 41.4361 12.2702C41.3112 12.1736 41.1685 12.1026 41.0161 12.0612C40.8637 12.0197 40.7047 12.0087 40.5481 12.0288H40.5488Z" fill="#1977CC"/>
<path d="M29.3582 9.82407C29.3953 10.1139 29.5366 10.3804 29.7558 10.5736C29.975 10.7668 30.2571 10.8736 30.5493 10.874C30.6008 10.8739 30.6522 10.8706 30.7033 10.8641L33.0885 10.559C33.4048 10.5185 33.6921 10.3541 33.8871 10.1018C34.0822 9.84955 34.169 9.53013 34.1285 9.21384C34.0881 8.89754 33.9236 8.61027 33.6714 8.41522C33.4191 8.22018 33.0997 8.13333 32.7834 8.17378L30.3982 8.47886C30.2416 8.4989 30.0905 8.54959 29.9534 8.62804C29.8164 8.70649 29.6962 8.81116 29.5996 8.93607C29.503 9.06099 29.432 9.2037 29.3906 9.35607C29.3492 9.50843 29.3382 9.66746 29.3582 9.82407Z" fill="#1977CC"/>
<path d="M37.7047 9.95868C37.7562 9.95865 37.8078 9.95533 37.8589 9.94877L40.2439 9.64369C40.4005 9.62365 40.5517 9.57297 40.6887 9.49453C40.8257 9.41609 40.946 9.31143 41.0425 9.18652C41.1391 9.06161 41.2102 8.91891 41.2516 8.76655C41.293 8.61419 41.304 8.45516 41.284 8.29855C41.264 8.14194 41.2133 7.9908 41.1348 7.85378C41.0564 7.71675 40.9517 7.59651 40.8268 7.49994C40.7019 7.40336 40.5592 7.33233 40.4068 7.2909C40.2545 7.24947 40.0955 7.23846 39.9388 7.2585L37.5537 7.56358C37.2503 7.60188 36.9729 7.75433 36.778 7.98991C36.583 8.2255 36.4852 8.52651 36.5043 8.83169C36.5235 9.13687 36.6582 9.42329 36.881 9.63265C37.1039 9.84202 37.3982 9.95861 37.7039 9.95868H37.7047Z" fill="#1977CC"/>
<path d="M16.832 47.5723H12.0228C11.704 47.5723 11.3982 47.6989 11.1727 47.9244C10.9472 48.1499 10.8206 48.4557 10.8206 48.7746C10.8206 49.0934 10.9472 49.3992 11.1727 49.6247C11.3982 49.8502 11.704 49.9768 12.0228 49.9768H16.832C17.1509 49.9768 17.4567 49.8502 17.6821 49.6247C17.9076 49.3992 18.0343 49.0934 18.0343 48.7746C18.0343 48.4557 17.9076 48.1499 17.6821 47.9244C17.4567 47.6989 17.1509 47.5723 16.832 47.5723Z" fill="#1977CC"/>
<path d="M22.8434 47.5723H20.4389C20.12 47.5723 19.8142 47.6989 19.5887 47.9244C19.3632 48.1499 19.2366 48.4557 19.2366 48.7746C19.2366 49.0934 19.3632 49.3992 19.5887 49.6247C19.8142 49.8502 20.12 49.9768 20.4389 49.9768H22.8434C23.1623 49.9768 23.4681 49.8502 23.6936 49.6247C23.9191 49.3992 24.0457 49.0934 24.0457 48.7746C24.0457 48.4557 23.9191 48.1499 23.6936 47.9244C23.4681 47.6989 23.1623 47.5723 22.8434 47.5723Z" fill="#1977CC"/>
<path d="M32.4618 52.3816H26.4503C26.1315 52.3816 25.8257 52.5083 25.6002 52.7337C25.3747 52.9592 25.248 53.265 25.248 53.5839C25.248 53.9027 25.3747 54.2086 25.6002 54.434C25.8257 54.6595 26.1315 54.7862 26.4503 54.7862H32.4618C32.7806 54.7862 33.0864 54.6595 33.3119 54.434C33.5374 54.2086 33.6641 53.9027 33.6641 53.5839C33.6641 53.265 33.5374 52.9592 33.3119 52.7337C33.0864 52.5083 32.7806 52.3816 32.4618 52.3816Z" fill="#1977CC"/>
<path d="M39.6755 52.3816H37.2709C36.952 52.3816 36.6462 52.5083 36.4207 52.7337C36.1953 52.9592 36.0686 53.265 36.0686 53.5839C36.0686 53.9027 36.1953 54.2086 36.4207 54.434C36.6462 54.6595 36.952 54.7862 37.2709 54.7862H39.6755C39.9943 54.7862 40.3001 54.6595 40.5256 54.434C40.7511 54.2086 40.8778 53.9027 40.8778 53.5839C40.8778 53.265 40.7511 52.9592 40.5256 52.7337C40.3001 52.5083 39.9943 52.3816 39.6755 52.3816Z" fill="#1977CC"/>
<path d="M58.9121 45.1677C58.5933 45.1677 58.2875 45.2944 58.062 45.5199C57.8365 45.7453 57.7098 46.0511 57.7098 46.37C57.7098 46.6889 57.8365 46.9947 58.062 47.2202C58.2875 47.4456 58.5933 47.5723 58.9121 47.5723H60.1144C60.4333 47.5723 60.7391 47.4456 60.9646 47.2202C61.19 46.9947 61.3167 46.6889 61.3167 46.37C61.3167 46.0511 61.19 45.7453 60.9646 45.5199C60.7391 45.2944 60.4333 45.1677 60.1144 45.1677H58.9121Z" fill="#1977CC"/>
<path d="M64.9235 47.5723H68.5303C68.8492 47.5723 69.155 47.4456 69.3805 47.2202C69.606 46.9947 69.7326 46.6889 69.7326 46.37C69.7326 46.0511 69.606 45.7453 69.3805 45.5199C69.155 45.2944 68.8492 45.1677 68.5303 45.1677H64.9235C64.6046 45.1677 64.2988 45.2944 64.0733 45.5199C63.8479 45.7453 63.7212 46.0511 63.7212 46.37C63.7212 46.6889 63.8479 46.9947 64.0733 47.2202C64.2988 47.4456 64.6046 47.5723 64.9235 47.5723Z" fill="#1977CC"/>
</svg>
